567 324 35435 5435 34 435 6576 8789 4242354368778 245436576587234 
117 324324 324324 546 546578 3243243 5667 878 32432543 5676577 9393863 5405843 9854685443 9898543 983498 
32432543 5676577 9393863 5405843 9854685443 9898543 983498 567 324 35435 5435 34 435 6576 8789 4242354368778 245436576587234 
123 432 45435 324324 324326564676 87897982454 13213 122 53 9876543321 1231354554 546578 343254356547 
117 33 324324 546 546578 3243243 5667 878 
13213 122 53 9876543321 1231354554 546578 343254356547 
567 324 35435 5435 34 435 6576 8789 4242354368778 245436576587234 
32432543 5676577 9393863 5405843 9854685443 9898543 983498 567 324 35435 5435 34 435 6576 8789 4242354368778 245436576587234 
123 432 45435 324324 324326564676 87897982454 123 432 45435 324324 324326564676 87897982454 
117 33 324324 546 546578 3243243 5667 878 13213 122 53 9876543321 1231354554 546578 343254356547 
13213 122 53 9876543321 1231354554 546578 343254356547 
567 324 35435 5435 34 435 6576 8789 4242354368778 245436576587234 
32432543 5676577 9393863 5405843 9854685443 9898543 983498 
123 432 45435 324324 324326564676 87897982454 123 432 45435 324324 324326564676 87897982454 
117 33 33 546 546578 3243243 5667 878 32432543 5676577 9393863 5405843 9854685443 9898543 956 983498 
13213 122 53 9876543321 1231354554 546578 343254356547 
567 324 35435 5435 34 435 6576 8789 4242354368778 245436576587234 
32432543 5676577 9393863 5405843 9854685443 9898543 983498 
123 432 45435 324324 324326564676 87 32432543 5676577 9393863 5405843 9854685443 9898543 983498 
117 33 324324 546 546578 3243243 5667 878 123 432 45435 324324 324326564676 87897982454 
13213 122 53 9876543321 1231354554 546578 343254356547 
567 324 35435 5435 34 435 6576 4242354368778 245436576587234 
32432543 5676577 9393863 5405843 9854685443 9898543 983498 567 324 35435 5435 34 435 6576 8789 4242354368778 245436576587234 
123 432 45435 324324 324326564676 87897982454 
117 33 324324 546 546578 3243243 5667 878 13213 122 53 9876543321 1231354554 546578 343254356547 
13213 122 53 9876543321 1231354554 546578 343254356547 
567 324 35435 5435 34 435 6576 8789 4242354368778 245436576587234 
32432543 5676577 9393863 5405843 9854685443 9898543 983498 
123 432 45435 324324 324326564676 87897982454 13213 122 53 9876543321 1231354554 546578 343254356547 
13213 122 53 9876543321 1231354554 546578 343254356547 567 324 35435 5435 34 435 6576 8789 4242354368778 245436576587234 
